{"cells":[{"cell_type":"code","execution_count":1,"metadata":{},"outputs":[],"source":["import numpy as np\n","from sklearn.datasets import make_sparse_spd_matrix\n","from scipy import linalg as LA\n","import random\n","\n","from infoband.band_info import InfoCorrBand\n","from wlpy.covariance import Covariance\n","from utils.adpt_correlation_threshold import AdptCorrThreshold"]},{"cell_type":"code","execution_count":2,"metadata":{},"outputs":[],"source":["def cov2cor(S: np.ndarray):\n","    D = np.diag(np.sqrt(np.diag(S)))\n","    D_inv = np.linalg.inv(D)\n","    return D_inv @ S @ D_inv"]},{"cell_type":"code","execution_count":3,"metadata":{},"outputs":[],"source":["def gen_S_AR1(rho = 0.8,N = 500) -> np.ndarray:\n","    # generate the covariance matrix of AR(1) process\n","    S_block = np.zeros(shape=[N, N])\n","    for j in range(0, N):\n","        S_block = S_block + np.diag(np.ones(N-j)*(rho**j), -j) + \\\n","        np.diag(np.ones(N-j)*(rho**j), j)\n","    S = S_block - np.eye(N)\n","    return S"]},{"cell_type":"code","execution_count":4,"metadata":{},"outputs":[],"source":["rng = np.random.RandomState(100)\n","N = 5\n","T = 80\n","alpha = 0.3"]},{"cell_type":"code","execution_count":5,"metadata":{},"outputs":[{"data":{"text/plain":["array([[ 1.33993988,  0.10734891,  0.32566981, -0.58304363,  0.        ],\n","       [ 0.10734891,  1.19837415, -0.30406303, -0.18411815, -0.40555476],\n","       [ 0.32566981, -0.30406303,  3.12458156, -0.81232925, -0.88473669],\n","       [-0.58304363, -0.18411815, -0.81232925,  1.        ,  0.        ],\n","       [ 0.        , -0.40555476, -0.88473669,  0.        ,  1.        ]])"]},"execution_count":5,"metadata":{},"output_type":"execute_result"}],"source":["# S = gen_S_AR1(N = N)\n","S = make_sparse_spd_matrix(N, alpha = alpha, random_state = 100)\n","# print(S[:5, :5])\n","X = rng.multivariate_normal(mean = np.zeros(N), cov = S, size = T)\n","S[:5, :5]"]},{"cell_type":"code","execution_count":6,"metadata":{},"outputs":[{"name":"stderr","output_type":"stream","text":["d:\\BaiduSyncdisk\\Project\\Comention_simu\\infoband\\band_info.py:58: UserWarning: L-matrix is missing.\n","  warnings.warn('L-matrix is missing.')\n"]}],"source":["c = InfoCorrBand(X)\n","# c.sample_cov()[:3, :3]\n","# c.sample_corr()[:3, :3]"]},{"cell_type":"code","execution_count":7,"metadata":{},"outputs":[],"source":["R = cov2cor(S)\n","L = abs(R)\n","c.feed_info(L)\n","# print(L[:5, :5])"]},{"cell_type":"code","execution_count":8,"metadata":{},"outputs":[],"source":["# c.find_biggest_k_for_pd()\n","# c.plot_k_pd(range(N-50, N+1))"]},{"cell_type":"code","execution_count":9,"metadata":{},"outputs":[{"name":"stdout","output_type":"stream","text":["4\n"]}],"source":["k = c.k_by_cv()\n","print(k)"]},{"cell_type":"code","execution_count":10,"metadata":{},"outputs":[],"source":["R_est = c.fit_info_corr_band(k)\n","S_est = c.fit_info_cov_band(k)"]},{"cell_type":"code","execution_count":11,"metadata":{},"outputs":[],"source":["def show_rs(S: np.ndarray, \n","            c: InfoCorrBand, m: Covariance, \n","            ord = 'fro'):\n","    # ord: norm type\n","    R = cov2cor(S)\n","    print('Correlation itself', LA.norm(R, ord))\n","    print('Error:')\n","    print('Sample', LA.norm(c.sample_corr() - R, ord))\n","    print('Linear Shrinkage', LA.norm(cov2cor(m.lw_lin_shrink()) - R, ord))\n","    print('Nonlinear Shrinkage', LA.norm(cov2cor(m.nonlin_shrink()) - R, ord))\n","    print()\n","    print('Covariance itself', LA.norm(S, ord))\n","    print('Error:')\n","    print('Sample', LA.norm(c.sample_cov() - S, ord))\n","    print('Linear Shrinkage', LA.norm(m.lw_lin_shrink() - S, ord))\n","    print('Nonlinear Shrinkage', LA.norm(m.nonlin_shrink() - S, ord))\n","    return"]},{"cell_type":"code","execution_count":12,"metadata":{},"outputs":[],"source":["m = Covariance(X)"]},{"cell_type":"code","execution_count":13,"metadata":{},"outputs":[{"name":"stdout","output_type":"stream","text":["Correlation itself 2.6222662577785822\n","Error:\n","Sample 0.32751543886522594\n","Linear Shrinkage 0.3802180838363591\n","Nonlinear Shrinkage 0.3506618624587565\n","\n","Covariance itself 4.401878119040805\n","Error:\n","Sample 0.5895426668681583\n","Linear Shrinkage 0.7078858003552759\n","Nonlinear Shrinkage 0.6714543961928682\n","0.34269183856481744\n","0.6910584474904503\n"]}],"source":["show_rs(S, c, m, 'fro')\n","print(LA.norm(R - R_est))\n","print(LA.norm(S - S_est))"]},{"cell_type":"code","execution_count":14,"metadata":{},"outputs":[{"name":"stdout","output_type":"stream","text":["Correlation itself 1.8974573235651087\n","Error:\n","Sample 0.24026463097272413\n","Linear Shrinkage 0.3054772769972123\n","Nonlinear Shrinkage 0.25534481925739366\n","\n","Covariance itself 3.758470152622895\n","Error:\n","Sample 0.5130198573926674\n","Linear Shrinkage 0.45018745396773413\n","Nonlinear Shrinkage 0.5113428968345741\n","0.2684523169006721\n","0.5034816294812844\n"]}],"source":["show_rs(S, c, m, 2)\n","print(LA.norm(R - R_est, 2))\n","print(LA.norm(S - S_est, 2))"]},{"cell_type":"code","execution_count":15,"metadata":{},"outputs":[{"name":"stdout","output_type":"stream","text":["Correlation itself 2.276366037990635\n","Error:\n","Sample 0.34922317222021954\n","Linear Shrinkage 0.4530580793230566\n","Nonlinear Shrinkage 0.3900350621700508\n","\n","Covariance itself 5.451380330856558\n","Error:\n","Sample 0.6114668880730916\n","Linear Shrinkage 0.7868423475374023\n","Nonlinear Shrinkage 0.7114307028041474\n","0.34269183856481744\n","0.6910584474904503\n"]}],"source":["show_rs(S, c, m, 1)\n","print(LA.norm(R - R_est))\n","print(LA.norm(S - S_est))"]},{"cell_type":"code","execution_count":65,"metadata":{},"outputs":[],"source":["def gen_eta_sequence(N, eta = 0.5, draw_type = 'random', is_random = False, rand_seed = 100) -> np.ndarray:\n","    '''\n","    Generate a sequence b, which is a permutation of {1, ..., N}. \n","    b satisfies the property: for any 0 < k < N+1, b[0]~b[k-1] include {1, ..., ceil(eta*k)}.  \n","    \n","    draw_type : {'random', 'near'}\n","        Algorithms about how to draw ( {b[0], ..., b[k-1]} - {1, ..., int(eta*k)} ). Here '-' is a subtraction between two sets.\n","    is_random : bool\n","        If False, we use random_seed as random seed, for repeat running results.\n","    random_seed : int\n","    '''\n","    if is_random:\n","        rng = random\n","    else:\n","        rng = np.random.RandomState(rand_seed)\n","        \n","    b = [1] # Default to keep the diagonal element in covariance estimation.\n","    b_complement = [i for i in range(2, N + 1)] # b's complement set\n","    \n","    for k in range(2, N + 1):\n","        # consider k-th element\n","        th = int(np.ceil(eta * k))\n","        # S^L_k include S^d_{th}\n","        cnt = sum([1 if num <= th else 0 for num in b])\n","        if cnt < th:\n","            for next_id in range(1, th + 1):\n","                if next_id not in b:\n","                    b.append(next_id)\n","                    b_complement.remove(next_id)\n","                    break\n","        else:\n","            # len(b_complement) == N + 1 - k\n","            j = rng.randint(0, N - k) if N - k > 0 else 0\n","            next_id = b_complement[j] \n","            b.append(next_id)\n","            b_complement.remove(next_id)\n","    return np.array(b)"]},{"cell_type":"code","execution_count":66,"metadata":{},"outputs":[],"source":["def gen_L(S, eta, verbose = False, draw_type = 'random', is_random = False, rand_seed = 100):\n","    N = S.shape[0]\n","    new_rowSort = np.zeros((N, N))\n","    \n","    R = cov2cor(S)\n","    L = abs(R)\n","    rowSort = InfoCorrBand(X = np.eye(N), L = L).rowSort # You can ignore the 'X = np.eye(N)' parameter. I create this temporary object solely to get 'rowSort' matrix.\n","    \n","    for i in range(N):\n","        row = rowSort[i]\n","        argst = row.argsort()\n","        b = gen_eta_sequence(N, eta, draw_type, is_random, rand_seed = 100)\n","        for j in range(N):\n","            new_rowSort[i][argst[j]] = b[j]\n","    \n","    L_eta = 1 / new_rowSort\n","    res = (L_eta, new_rowSort, rowSort)\n","    return res if verbose else L_eta"]},{"cell_type":"code","execution_count":69,"metadata":{},"outputs":[{"name":"stdout","output_type":"stream","text":["[[1. 4. 3. 2. 5.]\n"," [5. 1. 4. 3. 2.]\n"," [4. 5. 1. 3. 2.]\n"," [2. 4. 3. 1. 5.]\n"," [5. 3. 2. 4. 1.]]\n","[[1. 3. 4. 2. 5.]\n"," [5. 1. 4. 2. 3.]\n"," [4. 3. 1. 2. 5.]\n"," [5. 4. 2. 1. 3.]\n"," [3. 2. 4. 5. 1.]]\n"]}],"source":["res = gen_L(S, 0.5, verbose = 1, is_random = 1)\n","print(res[2])\n","print(res[1]) "]},{"cell_type":"code","execution_count":null,"metadata":{},"outputs":[{"data":{"text/plain":["(array([[1.        , 0.33333333, 0.25      , 0.5       , 0.2       ],\n","        [0.2       , 1.        , 0.33333333, 0.25      , 0.5       ],\n","        [0.33333333, 0.2       , 1.        , 0.25      , 0.5       ],\n","        [0.5       , 0.33333333, 0.25      , 1.        , 0.2       ],\n","        [0.2       , 0.25      , 0.5       , 0.33333333, 1.        ]]),\n"," array([[1., 3., 4., 2., 5.],\n","        [5., 1., 3., 4., 2.],\n","        [3., 5., 1., 4., 2.],\n","        [2., 3., 4., 1., 5.],\n","        [5., 4., 2., 3., 1.]]))"]},"execution_count":119,"metadata":{},"output_type":"execute_result"}],"source":["gen_L(S, 0.5, verbose = 1)"]},{"cell_type":"code","execution_count":null,"metadata":{},"outputs":[{"data":{"text/plain":["array([[1.        , 0.33333333, 0.25      , 0.5       , 0.2       ],\n","       [0.2       , 1.        , 0.33333333, 0.25      , 0.5       ],\n","       [0.33333333, 0.2       , 1.        , 0.25      , 0.5       ],\n","       [0.5       , 0.33333333, 0.25      , 1.        , 0.2       ],\n","       [0.2       , 0.25      , 0.5       , 0.33333333, 1.        ]])"]},"execution_count":110,"metadata":{},"output_type":"execute_result"}],"source":["1 / gen_L(S, 0.5)"]},{"cell_type":"code","execution_count":null,"metadata":{},"outputs":[],"source":["gen_eta_sequence()"]},{"cell_type":"code","execution_count":null,"metadata":{},"outputs":[{"data":{"text/plain":["array([[ 1.        ,  0.0847147 ,  0.15916182, -0.50368428,  0.        ],\n","       [ 0.0847147 ,  1.        , -0.15713447, -0.16819008, -0.3704702 ],\n","       [ 0.15916182, -0.15713447,  1.        , -0.45955359, -0.50051616],\n","       [-0.50368428, -0.16819008, -0.45955359,  1.        ,  0.        ],\n","       [ 0.        , -0.3704702 , -0.50051616,  0.        ,  1.        ]])"]},"execution_count":96,"metadata":{},"output_type":"execute_result"}],"source":["R"]},{"cell_type":"code","execution_count":null,"metadata":{},"outputs":[{"data":{"text/plain":["array([[ 1.33993988,  0.10734891,  0.32566981, -0.58304363,  0.        ],\n","       [ 0.10734891,  1.19837415, -0.30406303, -0.18411815, -0.40555476],\n","       [ 0.32566981, -0.30406303,  3.12458156, -0.81232925, -0.88473669],\n","       [-0.58304363, -0.18411815, -0.81232925,  1.        ,  0.        ],\n","       [ 0.        , -0.40555476, -0.88473669,  0.        ,  1.        ]])"]},"execution_count":85,"metadata":{},"output_type":"execute_result"}],"source":["S"]},{"cell_type":"code","execution_count":null,"metadata":{},"outputs":[],"source":["L_eta = np.zeros((N, N))\n","for i in range(N):\n","    row = rowSort[i]\n","    argst = row.argsort()\n","    b = gen_eta_sequence(N, rand_seed = 100)\n","    for j in range(N):\n","        L_eta[i][argst[j]] = b[j]"]},{"cell_type":"code","execution_count":null,"metadata":{},"outputs":[{"data":{"text/plain":["array([1., 4., 3., 2., 5.])"]},"execution_count":87,"metadata":{},"output_type":"execute_result"}],"source":["rowSort[0]"]},{"cell_type":"code","execution_count":null,"metadata":{},"outputs":[{"data":{"text/plain":["array([1., 3., 4., 2., 5.])"]},"execution_count":88,"metadata":{},"output_type":"execute_result"}],"source":["L_eta[0]"]},{"cell_type":"code","execution_count":null,"metadata":{},"outputs":[{"data":{"text/plain":["array([1., 3., 4., 2., 5.])"]},"execution_count":89,"metadata":{},"output_type":"execute_result"}],"source":["row = rowSort[0]\n","# np.array([1, 3, 4, 2]).argsort()\n","argst = row.argsort()\n","new_row = np.zeros(N)\n","for i in range(N):\n","    new_row[argst[i]] = b[i]\n","new_row"]},{"cell_type":"code","execution_count":null,"metadata":{},"outputs":[{"data":{"text/plain":["array([[0., 0.],\n","       [0., 0.]])"]},"execution_count":90,"metadata":{},"output_type":"execute_result"}],"source":["np.zeros((2, 2))"]},{"cell_type":"code","execution_count":null,"metadata":{},"outputs":[{"data":{"text/plain":["0"]},"execution_count":91,"metadata":{},"output_type":"execute_result"}],"source":["rng.randint(0, 1)"]},{"cell_type":"code","execution_count":null,"metadata":{},"outputs":[{"data":{"text/plain":["2"]},"execution_count":92,"metadata":{},"output_type":"execute_result"}],"source":["1 if False else 2"]},{"cell_type":"code","execution_count":null,"metadata":{},"outputs":[{"data":{"text/plain":["True"]},"execution_count":93,"metadata":{},"output_type":"execute_result"}],"source":["2 <= 4 * 0.5"]},{"cell_type":"code","execution_count":null,"metadata":{},"outputs":[{"data":{"text/plain":["3"]},"execution_count":94,"metadata":{},"output_type":"execute_result"}],"source":["int(3.5)"]},{"cell_type":"code","execution_count":null,"metadata":{},"outputs":[{"data":{"text/plain":["1"]},"execution_count":95,"metadata":{},"output_type":"execute_result"}],"source":["rng.randint(1, 2)"]},{"cell_type":"code","execution_count":null,"metadata":{},"outputs":[],"source":[]}],"metadata":{"kernelspec":{"display_name":"Python 3.9.13 ('simu')","language":"python","name":"python3"},"language_info":{"codemirror_mode":{"name":"ipython","version":3},"file_extension":".py","mimetype":"text/x-python","name":"python","nbconvert_exporter":"python","pygments_lexer":"ipython3","version":"3.9.13"},"orig_nbformat":4,"vscode":{"interpreter":{"hash":"b1f8481d56ce14143e6478182e374bc2468eaf037e4af344af9b6ae85cf11f37"}}},"nbformat":4,"nbformat_minor":2}
